n 1 (0.8564169256829843,7.338132640222507) (1.0554552446067729,15.105262587927397) (2.011833816414268,29.059021623860257) 
n 2 (0.7057134904733556,2.7818975959245074) 
n 3 (0.7488210348236581,8.372197942579284) (1.3360328115807714,18.8521563424426) (2.022881025400131,29.796934455648696) 
n 4 (0.6247938742397139,3.401605676020658) (1.0939887214916832,19.600304887203883) (2.9499308196163345,29.10080254233872) 
n 5 (0.2261505736243341,1.8458312087196882) (1.2051890988965526,10.96871436284259) (2.2839727244947485,26.518810108357542) (3.4777215611409638,31.79167029120422) 
n 6 (0.38402504100375634,8.946369764038167) (1.8791746707253256,18.11523376575803) (2.4847300340700476,20.68733294218518) 
n 7 (0.8280103719206666,3.7488378075165043) (1.3707161224041724,18.323126299579396) (2.0609381396929427,28.172818706736695) 
n 8 (0.8475443406401447,6.208292887940816) (1.534205286800992,15.639083090840039) 
n 9 (0.8364081162773966,3.239137162548488) (1.65081672544168,16.962676247890617) 
n 10 (0.3933664408817381,6.137109106707213) 
n 11 (0.09965372160277264,5.168625188420192) (1.4976545348828143,16.284669929150233) (2.900588041570262,22.797016425167698) (3.8162287968738555,33.41516899766284) 
n 12 (0.5864282707632716,9.638728373721172) (1.463640900743762,17.62316942599912) 
n 13 (0.41080343287095766,5.514127712527671) (1.4967373460664437,13.426249598512655) 
n 14 (0.15816090096355262,1.4091366683807383) (1.2340210277835957,19.327912101932977) 
n 15 (0.2945183273459949,9.008198969138006) (1.1958983917843882,12.564872122232833) 
n 16 (0.994121705020476,1.5943561211996249) (1.7325040215192158,16.410538582501935) (2.605033795687706,21.938453222725272) (3.3316524548318345,36.555523193188506) 
n 17 (0.03984398344288265,0.683918714306454) (1.105781506502215,11.333463678619268) 
n 18 (0.7606512831814368,5.33003217916331) (1.4351469518327338,14.221532724921918) (2.431395039510191,21.27024440550705) 
n 19 (0.9870964947107869,4.679787607460452) (1.8924416469028675,15.125225019907207) (2.9028266657031874,21.514498456342622) (3.9576960410471664,34.08895412456186) 
n 20 (0.2803765361004815,2.6946625395050505) (1.0888282708885795,10.304965467069078) 
n 21 (0.13814331525553547,8.22112247140361) (1.6980269060031117,11.825104692408113) (2.344845202005586,26.957376255038756) (3.8779383560852185,31.13572396966235) 
n 22 (0.0604305412156555,0.08405552315721043) 
n 23 (0.0026433309285891493,7.090947412710672) (1.5634897069806577,14.179530800490792) (2.7295805676499283,27.854338928162154) (3.3460766760664633,30.746106181766596) 
n 24 (0.44482695205188827,3.8486011654023056) (1.4584652703811982,12.414191076002723) (2.3493091929706496,22.610852304024522) 
n 25 (0.4685324814625391,1.944657877610605) 
n 26 (0.10180095517270915,7.4764302248585635) (1.141069033456454,13.83756026378066) (2.5715327655464577,27.781188445526436) (3.923668298569954,38.502743340464676) 
n 27 (0.561216877477665,1.1169099780370906) (1.401527639349477,16.440148400592538) 
n 28 (0.5131484155592143,1.0022537640740603) 
n 29 (0.6174446249950637,1.4951438456945998) (1.9052111883637868,18.50022414191895) 
n 30 (0.0858150407898004,3.5639565622701594) 
n 31 (0.3428138553589427,6.748810415914309) (1.7094609763891704,13.164906902022068) 
n 32 (0.03340914356072422,7.651797375043358) 
n 33 (0.14396936496360735,5.427607881299101) (1.2185170988632437,10.546353235899716) (2.9522903223579693,27.826244784391264) (3.3441404541125457,30.442346748478553) 
n 34 (0.3402900929973852,9.280137761958308) (1.9136913571443463,17.959784710317603) (2.1665682895581853,26.520770088425177) (3.8649634026286597,33.199479726125155) 
n 35 (0.5897642023133963,1.07929174957063) (1.874351287463147,10.399326505475868) (2.217178804920208,29.10085669775542) 
n 36 (0.136510510651917,4.136593359584808) (1.6266337761522884,16.71643771037146) (2.4486768808877333,23.61003264995855) 
n 37 (0.7418768458653804,7.315321928782591) (1.4663654183465737,17.065572546579535) 
n 38 (0.4660772129578472,1.0163767821341474) (1.4829406492714754,10.823910296595827) (2.8759540911893975,24.02272448136329) 
n 39 (0.6775164981951339,9.535758227394144) (1.9354812478486583,19.169813039233965) (2.6089631240257134,25.514049129882217) (3.4835848313624616,38.55206997183052) 
n 40 (0.3063367117389999,0.6884625730566984) (1.7776542755947569,15.250700657472624) (2.3617915390105373,23.615330313745172) 
n 41 (0.3123285073412164,6.376571754436153) (1.6537711774149142,12.013276499384746) (2.6165961699564213,22.935990062314538) 
n 42 (0.8356676252079955,6.270058633391783) (1.2553902145927809,10.773958906665573) (2.974148367963536,27.00405051583939) 
n 43 (0.5589259823287488,0.18103308582811284) (1.1431043260587495,18.01785969498717) 
n 44 (0.4220349603676614,1.4260990674227503) (1.2272216792306034,17.54885364519809) (2.31568401717951,25.441255401512166) 
n 45 (0.7791465766094562,0.6282792524677472) 
n 's' (0,0)
n 'ss' (0,0)