2  6
2  8
3  7
3  8
3  9
4  6
4  7
4  8
5  8
1  11
1  13
3  11
4  10
4  11
5  11
5  12
5  13
6  12
7  11
7  13
8  10
8  11
8  12
9  10
9  11
1  15
2  14
2  16
2  18
3  17
3  18
4  14
6  14
7  15
8  18
10  16
10  17
11  16
12  16
12  17
12  18
13  16
1  19
1  20
1  21
2  20
3  19
3  20
3  21
4  19
4  21
5  20
6  19
6  21
8  20
10  21
11  21
12  20
13  21
14  19
15  19
15  20
1  23
2  23
3  22
3  24
4  23
4  24
5  22
5  24
7  22
8  23
9  22
10  24
11  22
13  22
13  23
14  23
14  24
17  23
17  24
19  22
19  23
20  24
1  27
1  29
1  30
2  26
2  28
2  29
2  30
3  28
3  30
4  25
4  26
4  27
5  30
6  25
6  26
6  29
7  26
7  27
7  29
8  25
8  28
9  26
9  28
10  28
10  29
11  29
12  25
13  28
15  25
15  28
15  29
15  30
16  28
16  29
17  27
18  26
19  25
21  26
21  27
22  25
23  26
24  27
24  30
2  31
3  31
4  32
6  31
6  34
7  31
9  31
9  34
10  33
12  32
16  32
17  31
17  33
19  31
19  32
19  33
20  31
21  32
21  33
21  34
22  31
22  32
22  33
22  34
24  31
25  33
26  31
27  32
27  33
29  33
30  32
30  34
2  35
2  36
3  36
5  36
6  37
7  37
8  37
10  36
10  37
14  36
14  37
15  35
17  35
19  35
20  36
21  35
23  35
23  37
24  35
25  35
25  37
26  35
26  36
26  37
27  36
28  37
29  35
29  36
31  35
31  37
33  36
33  37
1  39
2  40
3  38
5  40
6  39
7  38
7  39
7  40
8  38
8  39
8  40
9  38
10  39
14  39
14  40
15  38
16  39
17  38
17  40
18  39
18  40
19  38
21  40
23  39
23  40
24  39
25  39
25  40
26  39
29  39
32  38
33  39
34  38
34  39
35  38
1  41
1  44
3  41
3  43
5  43
6  41
6  45
8  41
10  42
10  43
10  45
11  42
11  45
12  41
12  44
13  42
14  41
14  42
14  43
16  44
18  42
19  43
19  44
20  44
21  43
22  41
22  42
23  41
23  45
24  41
24  45
26  45
27  45
29  42
29  44
30  41
30  43
30  44
31  41
32  41
32  45
33  42
33  43
36  43
37  41
37  45
38  44
39  41
39  42
39  43
40  41
40  43
40  44
40  45
41 43
44 45
43 45