1  4
1  8
2  7
3  8
5  6
5  8
1  11
2  9
2  10
3  9
3  10
4  12
5  9
5  11
8  9
8  11
1  13
2  13
2  14
4  13
4  14
7  14
8  14
11  13
12  13
1  15
1  16
2  15
3  15
3  16
3  17
4  15
4  16
5  18
6  15
6  17
7  15
7  17
8  16
8  17
10  18
12  17
13  15
13  18
14  15
14  18
1  19
1  22
2  22
3  21
3  22
4  20
5  19
6  19
6  21
8  22
9  19
9  21
10  20
10  22
11  21
12  20
12  21
12  22
13  19
13  20
13  21
13  22
14  20
14  22
15  21
16  19
16  22
17  19
18  19
1  24
1  25
3  23
3  24
3  25
4  23
4  24
5  24
6  23
7  24
8  23
9  24
9  25
11  25
12  23
12  24
12  25
18  23
18  24
18  25
19  25
20  24
20  25
21  24
22  23
2  27
3  29
4  26
4  28
6  28
8  26
10  28
11  28
11  29
12  27
12  28
12  29
13  27
13  29
15  26
15  27
16  26
16  29
17  26
17  29
18  26
19  29
20  26
21  29
22  28
24  26
24  28
24  29
25  26
2  31
2  33
6  30
8  32
8  33
9  30
9  31
10  31
11  30
11  31
11  32
11  33
12  32
14  31
15  31
15  32
16  33
18  31
18  32
18  33
20  31
21  30
22  30
22  31
22  33
24  30
26  30
26  31
26  32
27  32
28  31
28  32
29  33
1  35
2  34
2  36
3  34
3  35
3  36
4  34
5  34
7  36
8  34
9  34
9  35
9  36
10  35
11  34
11  36
14  34
14  35
14  36
17  36
18  34
20  34
21  34
23  35
23  36
25  34
26  35
27  35
29  35
32  35
1  39
4  37
4  39
4  40
5  40
7  37
8  37
8  38
8  39
9  37
9  39
10  38
11  37
11  39
12  37
14  39
15  39
15  40
16  37
16  40
17  39
18  37
18  38
18  40
19  40
21  38
21  40
22  37
22  38
23  37
23  38
23  40
24  37
24  38
24  40
25  37
25  40
27  38
27  39
31  38
31  39
31  40
32  39
34  37
34  40
35  38
36  39
