1  6
1  7
3  8
3  10
5  9
6  10
6  11
1  12
2  13
9  15
1  17
1  18
7  17
7  18
9  17
9  18
15  18
2  21
2  22
3  19
4  19
6  20
8  21
9  20
10  22
10  23
14  19
14  20
17  20
17  22
18  21
8  25
10  25
19  25
22  25
1  30
2  30
6  28
6  30
10  28
13  29
13  30
15  27
15  29
17  30
19  28
21  29
23  30
24  27
2  31
4  34
5  32
7  34
8  34
9  34
12  34
13  33
13  34
14  32
20  31
22  33
29  33
30  31
1  37
6  36
7  36
8  38
16  35
18  36
19  35
21  37
22  35
22  36
24  35
29  36
31  38
1  40
1  43
2  42
4  42
4  43
6  41
8  39
12  43
14  41
15  42
16  42
17  43
19  39
20  42
22  40
27  39
32  39
32  43
34  40
35  39
35  40
36  39
3  46
4  45
7  45
8  44
12  44
13  46
17  44
18  45
21  44
21  45
28  44
29  45
39  45
40  44
40  45
3  47
5  49
6  50
7  49
7  50
9  49
9  50
10  51
11  48
16  50
18  49
19  49
19  51
21  49
21  51
22  48
24  47
25  47
28  47
29  47
30  51
31  48
31  49
33  48
35  51
40  47
41  49
43  47
43  48
44  48
45  49
46  49
1  52
2  53
4  53
5  52
5  53
9  53
16  52
16  53
19  52
23  53
35  53
36  53
38  53
41  52
43  52
47  53
48  52
51  52
1  54
5  56
6  55
8  54
8  55
8  57
9  54
11  57
13  54
13  56
14  54
15  56
17  54
18  57
19  55
19  57
21  57
24  55
24  56
25  54
27  54
28  55
33  54
33  55
34  54
34  55
36  56
37  57
38  55
42  56
43  54
46  55
47  57
48  54
50  55
53  57
1  59
2  59
4  60
4  61
5  61
6  61
7  60
9  59
10  61
12  59
12  62
13  62
16  62
21  60
22  60
22  61
23  58
23  60
24  58
27  60
28  62
29  62
30  58
30  59
30  61
32  62
34  60
35  62
36  60
39  60
39  61
40  62
41  58
41  59
41  60
42  58
43  60
43  62
45  58
45  59
45  60
46  59
47  58
48  62
49  61
49  62
50  62
54  58
54  62
56  60
1  65
1  67
3  66
4  67
6  64
6  66
7  64
8  65
8  66
8  67
9  67
10  63
11  63
11  65
15  67
18  67
20  63
22  65
23  63
25  66
25  67
26  64
26  65
27  63
27  65
27  67
28  66
28  67
30  64
33  66
37  63
38  64
38  67
39  66
40  65
40  66
43  64
45  63
45  65
46  63
46  64
46  67
47  63
55  64
61  66