1  4
1  5
2  4
2  7
3  6
3  7
1  10
1  12
4  9
4  10
7  9
7  10
7  13
8  9
8  10
1  15
2  15
2  16
2  17
3  15
3  18
4  15
5  16
5  17
5  18
6  15
6  18
7  16
8  14
8  15
9  18
10  14
10  15
11  14
11  15
12  17
13  14
1  19
1  20
2  19
2  21
3  19
6  21
8  20
9  20
9  21
10  19
11  22
12  19
12  22
13  20
14  21
14  22
15  20
15  21
16  20
16  21
17  22
18  19
1  25
1  27
3  23
4  24
4  25
5  27
6  26
7  24
8  23
9  24
9  26
10  24
11  24
12  24
12  27
15  25
17  25
18  24
18  27
21  24
21  25
1  29
1  30
1  32
2  29
2  30
2  31
2  32
3  30
4  29
4  31
5  29
5  30
6  28
6  32
7  29
7  32
8  30
9  30
11  28
11  30
13  30
13  31
14  29
15  29
16  29
17  29
17  30
17  32
18  31
18  32
19  30
19  32
20  29
21  28
21  31
21  32
22  28
22  29
22  30
22  32
23  29
23  30
25  28
25  32
26  29
27  31
1  35
3  36
4  36
6  35
7  36
8  33
8  34
8  35
8  36
11  33
13  33
14  33
15  33
15  34
16  35
17  35
18  33
18  35
19  36
20  34
20  35
21  33
22  36
23  33
23  35
24  33
24  34
24  36
25  35
25  36
26  35
26  36
28  34
28  36
29  33
29  34
30  36
31  35
31  36
32  33
32  36
1  38
2  40
3  37
3  38
3  39
3  40
4  38
6  37
6  38
7  38
7  39
7  41
8  37
8  38
9  39
9  41
10  41
11  37
11  38
11  39
13  39
13  40
14  38
15  37
15  38
15  41
16  40
17  37
18  38
18  41
19  39
20  37
20  38
20  39
21  39
22  37
22  40
23  37
23  39
23  40
24  39
26  37
26  38
26  39
27  37
27  39
27  41
29  40
30  38
30  40
32  37
32  41
35  39
36  37
1  42
3  42
4  42
4  43
4  44
4  45
5  43
5  44
6  44
7  42
10  42
10  43
10  45
11  45
13  43
13  44
14  42
14  43
15  42
15  45
16  43
16  44
16  45
19  42
19  44
19  45
20  45
21  45
23  45
24  42
27  42
27  45
28  43
29  43
31  42
31  43
31  44
32  42
32  43
32  45
33  45
34  44
35  42
36  43
36  45
37  44
37  45
39  42
40  43
40  44
41  42
41  44
1  46
1  48
1  49
2  46
2  47
2  49
3  47
4  47
5  46
7  48
9  46
9  47
9  48
9  49
10  46
10  47
10  48
11  47
13  46
13  47
14  46
14  47
14  49
16  46
18  49
19  49
20  48
21  46
21  48
22  48
23  48
24  46
24  48
25  47
25  49
26  47
26  48
26  49
27  46
30  47
30  48
30  49
31  46
31  49
32  47
33  46
33  47
33  48
33  49
34  47
34  49
35  46
35  48
36  46
36  48
37  48
37  49
38  49
39  47
39  49
40  49
41  46
41  49
42  46
42  48
1  51
1  53
3  53
3  54
4  50
6  51
6  52
6  54
7  51
7  53
8  53
9  51
10  51
10  52
10  53
11  50
12  52
14  50
16  53
17  50
17  52
17  54
18  53
18  54
19  51
19  53
21  50
21  53
22  51
23  50
23  51
24  53
25  50
25  51
26  53
27  53
29  50
29  54
30  50
30  53
31  51
32  51
32  52
32  54
33  51
33  53
34  50
34  52
35  50
36  52
36  54
37  53
38  51
38  52
38  53
38  54
40  53
41  51
43  50
43  52
44  50
44  51
44  52
45  52
45  53
45  54
46  50
47  53
49  50
49  53
49  54
1  58
2  57
2  58
3  55
3  58
3  59
5  57
6  55
6  58
7  57
8  56
8  57
8  58
8  59
9  56
10  57
11  55
11  57
11  59
12  57
12  59
13  59
14  55
14  58
16  57
18  55
18  58
18  59
20  58
21  56
21  58
23  59
24  56
24  59
26  59
27  57
27  59
28  55
28  56
29  55
29  57
29  58
30  56
31  55
32  55
32  56
32  57
35  55
35  56
36  55
36  58
36  59
37  56
38  57
38  58
38  59
39  59
40  55
40  56
40  57
41  57
42  55
42  57
42  59
43  57
43  59
44  56
45  55
47  56
47  58
48  56
50  58
51  58
53  55
53  57
54  57
54  59
1  64
3  62
3  63
4  61
4  62
5  60
5  61
5  64
6  63
7  60
7  64
8  61
8  63
8  64
9  61
9  64
10  61
10  62
11  61
11  62
11  63
12  61
12  62
13  62
14  61
14  62
15  63
15  64
16  61
16  62
16  63
16  64
17  60
18  62
18  63
18  64
19  60
19  61
20  61
20  62
20  64
23  60
23  62
24  60
24  61
24  64
26  61
26  62
26  63
27  61
27  63
28  60
28  62
29  61
31  62
32  64
34  60
34  64
35  62
36  60
36  62
39  61
39  62
39  63
39  64
40  61
40  64
41  61
41  62
41  63
42  63
42  64
43  60
44  62
45  63
45  64
46  63
47  62
48  64
49  63
50  64
51  60
51  61
52  61
54  62
54  64
57  61
57  64
58  63
59  60
59  61
1  65
1  68
2  67
4  68
5  65
5  68
6  65
6  66
7  65
7  66
7  67
7  68
8  67
9  65
9  66
10  65
10  67
11  66
11  68
13  66
13  67
13  68
14  67
14  68
15  67
15  68
17  68
20  68
21  65
21  66
22  68
23  67
24  68
26  66
26  68
28  67
28  68
30  67
32  65
33  65
35  65
35  67
38  66
40  66
40  68
41  66
43  66
43  68
46  68
47  66
47  67
48  68
49  67
50  65
50  68
52  65
52  66
53  66
53  67
56  65
56  67
60  67
61  67
62  66
62  67
63  68
64  68
1  71
1  72
2  70
3  69
4  69
4  70
4  72
5  70
5  71
5  72
6  69
6  70
6  72
7  72
8  70
9  70
9  72
10  70
10  71
12  72
13  71
14  70
14  71
14  72
16  69
16  70
17  69
18  72
20  69
20  71
21  72
23  71
23  72
24  70
24  72
25  70
25  72
26  69
26  72
27  69
27  71
28  69
29  70
29  71
29  72
30  70
32  72
34  69
34  72
36  72
37  69
37  71
39  69
40  69
40  71
42  71
43  69
44  71
46  72
47  70
49  69
49  70
49  71
52  71
53  69
53  72
54  69
55  71
56  71
56  72
57  72
58  70
59  70
61  69
62  69
62  70
62  72
63  70
63  72
65  69
65  71
65  72
66  71
67  71
67  72
68  69
68  70
2  73
2  76
3  75
3  76
4  74
4  75
6  76
7  73
7  75
7  76
8  73
9  73
9  76
10  73
10  76
11  74
11  75
11  76
14  73
14  74
14  76
15  76
16  75
18  76
19  75
20  73
20  74
21  74
22  74
23  74
24  75
25  75
27  73
27  76
29  73
30  75
32  74
33  74
33  75
35  74
35  76
37  75
38  74
38  75
39  74
40  73
41  73
43  74
44  75
47  73
47  75
49  75
50  74
51  76
52  74
52  75
54  73
54  76
57  73
57  75
58  74
58  76
60  76
61  75
61  76
62  75
62  76
63  73
64  73
64  75
66  74
67  74
67  76
68  74
68  76
71  73
71  75
1  79
2  79
3  77
3  80
3  81
4  78
4  81
5  77
6  81
7  78
7  79
7  80
8  77
8  78
8  79
9  79
9  80
9  81
10  78
11  77
11  80
11  81
12  77
12  79
12  81
13  80
15  79
15  80
16  78
16  79
16  80
17  78
18  77
18  79
18  80
18  81
19  78
19  80
19  81
20  77
21  78
22  78
22  79
22  80
22  81
23  78
23  81
24  79
26  77
26  78
26  79
27  78
27  79
28  79
29  81
30  77
31  79
33  80
33  81
36  77
37  79
38  78
38  81
39  81
40  79
40  81
42  78
42  79
42  80
43  78
43  81
46  77
46  79
46  81
47  81
48  80
48  81
49  79
49  80
50  78
51  81
52  77
52  81
53  79
54  79
54  81
55  78
55  81
56  79
57  77
57  79
58  78
58  79
59  77
59  80
60  77
60  79
60  80
61  81
62  80
63  79
63  81
64  77
65  78
65  81
66  79
66  80
67  80
67  81
68  77
68  78
69  77
69  78
69  79
70  79
71  77
73  79
74  77
74  78
74  80
76  78
76  79
1  82
1  85
3  84
4  85
5  84
6  84
6  85
7  83
7  85
8  82
8  83
9  82
10  84
11  82
11  83
11  85
12  82
12  83
13  85
15  83
16  83
17  83
17  85
18  82
19  82
19  84
20  85
21  85
22  82
22  84
22  85
23  84
24  82
24  83
25  83
25  84
26  84
27  84
27  85
29  82
29  85
30  83
30  85
31  82
31  83
31  84
31  85
32  84
34  82
34  84
35  83
35  84
36  83
38  82
39  82
39  84
41  83
42  82
43  84
44  82
44  83
44  84
44  85
47  84
48  82
48  84
49  83
49  84
50  84
52  84
53  83
55  82
55  83
55  85
56  82
57  82
57  85
58  83
58  84
58  85
59  83
61  84
61  85
62  85
64  84
65  85
66  82
66  83
67  84
68  85
69  84
69  85
71  82
71  83
71  84
72  85
73  84
74  85
75  83
75  84
76  82
76  83
77  83
78  84
79  82
79  84
80  82
80  85
2  87
5  87
5  88
7  86
8  88
9  86
10  86
11  87
12  87
13  87
13  88
15  87
15  88
16  87
17  86
19  86
19  88
21  86
22  87
22  88
23  88
27  86
27  88
28  86
28  88
29  87
35  86
35  88
36  88
37  86
37  88
39  88
41  87
43  88
44  88
45  88
48  86
49  86
50  88
51  87
52  87
53  86
53  87
55  86
57  86
57  88
59  87
61  87
61  88
62  88
63  87
64  87
65  87
65  88
66  86
68  87
71  88
72  88
74  87
75  87
78  87
79  86
79  87
83  88
84  86
85  87
85  88
