1  11
1  12
1  13
2  11
3  10
3  13
4  13
5  11
7  10
7  12
1  14
1  15
1  19
2  17
2  19
2  20
2  21
3  14
3  15
3  17
3  18
3  21
4  14
4  19
4  21
5  14
5  16
5  17
6  14
7  18
7  19
7  20
8  16
8  17
8  20
8  21
9  14
9  15
9  16
9  18
9  19
9  21
11  18
11  19
11  20
12  15
12  19
12  21
13  15
13  17
1  25
4  22
4  25
6  22
6  23
6  25
7  22
7  24
8  23
8  24
9  24
11  24
11  25
12  23
14  22
14  23
16  23
17  24
17  25
18  22
19  25
20  25
21  23
21  25
1  26
1  28
2  28
2  29
3  28
3  29
4  27
4  30
5  28
5  30
5  32
6  28
6  29
6  31
7  28
8  26
8  31
9  32
10  29
10  32
12  27
13  28
13  30
13  32
14  26
14  27
14  30
14  31
14  32
15  27
15  30
15  32
16  26
16  28
16  29
16  30
16  31
17  31
18  26
18  31
18  32
19  27
20  27
22  27
22  30
23  26
23  29
24  30
24  32
25  26
1  33
2  33
2  34
2  38
2  39
3  35
4  33
4  34
4  36
4  39
5  36
5  37
7  35
7  36
8  33
8  39
10  34
10  38
10  39
11  38
11  39
13  34
13  39
14  36
14  38
15  34
15  36
15  38
15  39
16  35
18  33
18  34
18  38
19  35
20  34
21  35
21  36
21  38
21  39
22  36
22  37
22  38
24  34
24  35
24  36
25  33
26  33
26  35
26  39
27  34
28  36
28  37
28  38
29  33
29  34
29  38
30  36
31  35
32  39
1  40
1  44
2  41
2  44
2  46
3  43
3  45
4  45
4  46
5  43
5  44
5  45
5  46
6  40
6  44
6  46
7  45
8  41
8  45
9  42
10  40
10  43
10  46
11  43
12  45
13  43
13  44
14  40
14  44
14  45
14  46
15  43
16  44
16  46
18  41
19  45
19  46
20  42
21  40
21  41
21  42
21  43
21  45
22  43
23  41
23  42
23  43
23  46
24  42
25  43
26  42
28  45
29  41
30  42
30  45
31  41
31  44
31  45
32  45
32  46
33  45
34  42
35  41
35  43
35  44
36  45
37  45
38  40
38  41
39  41
39  46
1  47
1  49
1  50
2  47
3  47
4  49
5  47
6  47
8  49
10  49
12  48
13  50
14  47
14  49
14  50
17  49
18  47
18  49
19  48
19  50
20  47
20  50
21  50
22  48
22  50
26  47
26  49
27  47
27  48
29  49
30  48
30  49
32  48
33  49
34  47
34  48
34  49
35  47
35  49
35  50
36  47
36  50
37  47
38  49
38  50
40  48
41  49
42  49
42  50
43  47
43  48
43  49
43  50
44  50
46  47
3  51
3  52
5  52
5  53
6  53
7  51
10  51
11  53
12  52
15  51
15  52
15  53
17  51
17  52
18  51
19  52
22  52
23  53
24  51
24  52
24  53
25  51
25  53
26  51
26  53
28  51
28  53
29  51
29  52
30  53
31  52
33  52
34  53
37  51
37  53
38  51
39  51
39  52
39  53
40  51
41  52
41  53
43  52
43  53
45  51
45  53
46  51
47  51
47  52
48  51
49  53
1  56
1  57
1  58
1  60
2  54
3  54
3  57
4  54
4  58
5  54
5  55
5  59
6  56
6  57
7  54
8  58
8  60
9  54
10  58
11  55
11  59
11  60
12  55
12  56
12  58
13  55
13  57
13  60
14  54
14  60
15  55
15  58
15  60
16  54
16  55
16  59
17  54
18  56
18  58
18  60
19  55
19  56
19  57
19  58
19  59
20  55
21  54
22  59
23  54
24  54
24  56
24  60
25  58
25  59
26  58
26  60
27  54
27  55
28  56
28  57
29  58
29  59
31  54
31  59
31  60
33  54
33  58
33  60
34  55
34  57
35  55
35  58
36  56
36  60
37  54
37  58
37  60
38  55
38  56
38  59
39  54
39  57
39  60
40  55
40  56
40  57
41  55
41  58
42  59
43  58
43  59
44  57
44  58
45  58
46  54
46  56
46  58
46  60
48  59
50  54
50  57
51  54
51  55
51  57
51  59
52  54
52  60
53  54
53  55
53  58
1  62
1  64
1  67
2  61
2  63
2  65
2  66
3  64
3  65
3  66
3  67
4  64
4  65
5  65
6  61
7  64
7  66
8  63
8  66
9  61
9  66
10  62
10  63
11  61
12  62
12  66
13  62
13  63
13  64
13  65
14  62
14  63
14  66
15  61
15  65
16  65
16  67
17  62
17  65
17  67
18  61
18  64
18  65
18  66
19  62
19  63
19  66
20  61
20  63
20  64
20  66
20  67
23  62
24  64
24  65
24  66
25  65
25  66
25  67
26  62
26  64
26  66
26  67
27  64
29  61
29  64
29  66
30  62
30  63
30  64
30  66
31  62
31  64
31  65
32  61
32  62
32  63
33  61
33  64
33  66
33  67
34  61
34  62
34  65
34  66
34  67
35  63
35  64
35  67
37  61
37  64
37  65
38  63
38  66
39  63
39  66
40  64
41  61
41  63
41  64
41  65
42  66
43  61
43  67
44  61
44  66
45  62
45  64
45  66
46  64
47  67
48  62
49  61
49  63
49  64
50  66
50  67
51  66
52  64
52  67
53  63
53  67
54  62
54  65
55  62
56  61
56  65
56  67
58  61
58  63
58  67
59  61
59  64
59  66
4  68
5  69
7  69
8  68
8  69
9  68
9  69
11  69
12  69
13  69
14  69
16  69
17  68
18  69
20  69
24  69
25  69
27  69
28  68
30  68
31  68
33  68
34  68
34  69
38  68
43  68
44  69
47  68
47  69
48  68
49  68
49  69
50  68
50  69
51  68
56  68
58  69
59  68
60  68
61  69
62  69
65  68
65  69
66  68
67  68
3  72
4  70
5  71
6  72
7  70
7  72
8  70
8  72
8  73
9  72
10  70
12  71
13  70
13  73
14  72
14  73
15  70
15  72
17  72
18  71
19  71
19  72
20  70
20  73
21  70
21  72
21  73
23  70
24  73
25  70
25  73
26  70
26  71
27  71
28  73
30  70
31  70
32  72
32  73
33  71
33  73
34  70
34  72
35  70
35  71
35  73
36  70
36  71
36  72
37  70
37  71
37  72
38  73
42  71
42  72
44  73
45  71
45  72
46  71
47  70
47  72
47  73
48  70
50  71
50  72
51  70
52  70
52  73
55  73
56  72
56  73
57  71
58  71
59  70
59  72
59  73
60  73
61  71
61  73
62  70
62  73
64  70
67  70
69  70
69  71
69  73
1  75
3  74
4  75
6  74
7  75
8  75
9  74
9  75
11  74
12  75
13  75
15  75
16  75
18  74
18  75
19  75
20  74
20  75
22  74
22  75
23  74
25  74
29  75
30  74
30  75
34  75
36  74
37  75
38  74
38  75
40  74
40  75
44  74
50  74
52  75
53  74
54  75
55  75
56  74
57  75
59  74
59  75
63  75
65  74
67  74
69  74
71  75
72  75
73  75
1  77
1  78
2  78
3  76
3  77
3  78
4  78
6  76
6  78
7  76
8  77
8  78
10  76
11  77
12  76
13  77
15  76
15  78
16  77
17  77
19  78
20  76
22  78
23  78
24  76
24  77
24  78
25  78
26  77
27  78
29  78
30  76
30  77
30  78
32  77
33  76
34  77
34  78
36  76
39  77
40  78
43  76
44  76
44  78
45  76
46  76
48  77
48  78
50  77
51  76
51  77
51  78
52  77
53  78
54  78
55  76
55  77
56  77
57  77
57  78
58  76
60  78
61  76
61  78
62  76
66  77
68  77
69  78
71  77
72  76
73  78
74  76
74  77
74  78
75  76
75  78
