1  5
1  6
1  7
1  8
2  6
2  7
2  8
3  5
3  8
4  5
4  6
4  8
1  9
1  10
1  11
2  9
2  10
2  11
3  9
3  10
3  11
4  9
4  11
5  9
5  10
6  9
6  10
6  11
7  11
8  10
1  12
1  13
2  12
2  13
3  12
3  13
4  13
5  12
5  13
6  12
6  13
7  12
7  13
8  13
9  12
9  13
10  12
10  13
11  12
11  13
1  14
1  15
2  14
2  15
4  14
4  15
5  14
5  15
6  14
6  15
7  14
7  15
8  14
8  15
9  14
9  15
10  14
11  14
12  14
12  15
13  14
13  15
1  16
1  17
1  19
2  16
2  18
2  19
3  17
3  19
4  17
4  19
5  16
5  17
5  19
6  16
6  17
6  18
6  19
7  16
7  17
7  18
7  19
8  16
8  17
8  18
8  19
9  16
9  17
9  18
10  16
10  17
10  18
10  19
11  16
11  18
11  19
12  16
12  17
13  16
13  17
13  18
13  19
14  16
14  17
14  18
15  16
15  17
15  18
15  19
1  20
1  22
2  20
2  21
2  22
3  20
3  21
3  22
4  20
4  22
5  20
5  21
5  22
6  20
6  21
6  22
7  22
8  20
8  21
8  22
9  20
9  21
10  20
10  22
11  20
11  21
11  22
12  20
12  21
13  20
13  21
13  22
14  20
14  21
14  22
15  20
15  22
16  20
16  21
16  22
17  20
17  21
17  22
18  20
18  22
19  20
1  23
1  25
1  26
2  23
2  24
2  26
3  23
3  24
3  25
3  26
4  24
4  25
4  26
5  23
5  24
5  25
5  26
6  23
6  25
6  26
7  24
7  25
7  26
8  23
8  24
8  25
8  26
9  23
9  26
10  23
10  24
11  23
11  24
11  25
11  26
12  23
12  24
12  25
12  26
13  23
13  24
14  23
14  24
14  25
14  26
15  23
15  24
15  25
16  23
16  24
16  25
16  26
17  23
17  24
17  25
17  26
18  23
18  24
18  25
18  26
19  23
19  24
19  25
19  26
20  25
20  26
21  23
21  24
21  25
22  24
22  26
1  27
1  28
1  29
1  30
1  31
2  27
2  29
2  30
2  31
3  27
3  30
4  27
4  28
4  29
4  30
4  31
5  27
5  28
5  29
5  30
5  31
6  27
6  28
6  29
6  31
7  27
7  28
7  29
7  30
7  31
8  27
8  28
8  29
8  30
9  27
9  28
9  29
9  30
10  27
10  28
10  31
11  27
11  29
11  30
11  31
12  27
12  28
12  29
12  30
12  31
13  27
13  28
13  29
13  30
13  31
14  27
14  28
14  29
14  30
14  31
15  27
15  28
15  29
15  30
16  27
16  28
16  30
17  27
17  28
17  29
17  30
18  27
18  28
18  29
18  30
18  31
19  28
19  29
19  30
20  28
20  29
20  30
20  31
21  27
21  28
21  29
21  31
22  27
22  28
22  30
22  31
23  27
23  28
23  29
23  30
24  27
24  28
24  29
24  30
24  31
25  27
25  28
25  29
25  30
25  31
26  27
26  28
26  29
26  30
26  31
1  32
1  33
1  34
1  35
1  36
2  33
2  34
2  36
3  33
3  34
3  35
3  36
4  32
4  33
4  34
4  35
4  36
5  32
5  33
5  35
5  36
6  32
6  33
6  34
6  35
7  32
7  33
7  34
7  35
7  36
8  33
8  34
8  35
8  36
9  32
9  33
9  34
9  35
9  36
10  32
10  34
10  35
10  36
11  32
11  33
11  34
11  35
11  36
12  32
12  33
12  35
12  36
13  32
13  33
13  34
13  36
14  32
14  33
14  34
14  35
14  36
15  32
15  33
15  35
16  32
16  33
16  35
16  36
17  32
17  34
17  36
18  32
18  35
18  36
19  32
19  34
19  35
19  36
20  32
20  33
20  35
20  36
21  33
21  35
21  36
22  34
22  35
22  36
23  32
23  33
23  35
23  36
24  32
24  33
24  34
24  35
24  36
25  33
25  34
25  35
25  36
26  32
26  33
26  34
26  35
26  36
27  33
27  34
27  36
28  32
28  33
28  34
28  36
29  32
29  34
29  35
29  36
30  32
30  33
30  34
30  35
31  33
31  34
31  35
31  36