1  5
1  6
2  5
1  8
2  7
3  7
5  8
6  7
6  8
1  9
1  10
1  11
3  9
4  10
5  11
8  9
8  10
1  14
4  12
5  14
6  14
7  12
7  13
8  12
8  14
10  14
1  15
2  18
4  15
4  16
5  16
5  17
5  18
6  15
7  17
8  17
9  18
11  17
11  18
12  15
12  16
13  17
14  16
1  19
1  21
4  19
5  20
5  21
8  19
13  21
15  20
15  21
16  21
17  19
17  20
18  19
2  23
3  22
5  23
7  22
7  23
8  22
9  23
10  23
13  22
15  22
17  22
18  23
19  23
20  23
2  25
3  25
7  24
7  25
7  26
9  24
9  25
9  26
12  24
12  26
13  24
14  24
14  25
15  26
16  26
17  25
19  26
21  24
21  26
22  24
22  25
23  26
2  29
3  28
4  28
7  27
7  29
8  28
10  27
10  28
10  29
11  29
13  27
14  28
15  28
16  27
16  28
18  28
21  29
23  28
24  28
1  30
2  30
3  30
4  31
5  30
6  30
7  30
8  30
8  32
10  31
10  32
12  31
12  32
16  30
18  31
19  32
20  30
20  31
21  30
22  31
22  32
25  30
27  30
29  30
29  32
1  34
3  33
3  34
6  33
9  33
10  33
12  34
14  33
17  34
21  34
22  34
25  34
27  34
28  33
29  34
