n 1 (1,121) (2,49) 
n 2 (1,49) 
n 3 (1,256) (2,121) (3,81) 
n 4 (1,576) (2,400) (3,121) (4,64) 
n 5 (1,64) 
n 6 (1,196) (2,81) 
n 7 (1,121) (2,36) 
n 8 (1,81) 
n 9 (1,36) 
n 10 (1,256) (2,169) (3,100) 
n 11 (1,225) (2,100) 
n 12 (1,196) (2,64) 
n 13 (1,64) 
n 14 (1,121) (2,81) 
n 15 (1,144) (2,64) 
n 16 (1,169) (2,81) 
n 17 (1,144) (2,64) 
n 18 (1,289) (2,121) (3,49) 
n 19 (1,36) 
n 20 (1,576) (2,324) (3,144) (4,81) 
n 21 (1,36) 
n 22 (1,441) (2,256) (3,169) (4,36) 
n 23 (1,400) (2,196) (3,81) 
n 24 (1,169) (2,36) 
n 25 (1,289) (2,121) (3,49) 
n 26 (1,196) (2,81) 
n 27 (1,484) (2,361) (3,144) (4,64) 
n 28 (1,484) (2,324) (3,121) (4,49) 
n 29 (1,361) (2,169) (3,36) 
n 30 (1,196) (2,36) 
n 31 (1,144) (2,64) 
n 32 (1,484) (2,256) (3,225) (4,64) 
n 33 (1,196) (2,81) 
n 34 (1,144) (2,100) 
n 35 (1,289) (2,144) (3,81) 
n 36 (1,324) (2,169) (3,36) 
n 37 (1,324) (2,169) (3,100) 
n 38 (1,484) (2,289) (3,196) (4,81) 
n 39 (1,529) (2,289) (3,196) (4,36) 
n 40 (1,144) (2,49) 
n 41 (1,400) (2,121) (3,100) 
n 42 (1,121) (2,100) 
n 43 (1,169) (2,64) 
n 44 (1,49) 
n 45 (1,225) (2,36) 
n s (0,0)
n ss (0,0)
