n 1 (1,83) (2,73) (3,69) (4,53) 
n 2 (1,21) 
n 3 (1,46) (2,34) 
n 4 (1,86) (2,78) (3,66) (4,55) 
n 5 (1,48) (2,37) 
n 6 (1,81) (2,72) (3,66) (4,54) 
n 7 (1,63) (2,60) (3,44) 
n 8 (1,68) (2,51) (3,42) 
n 9 (1,64) (2,52) (3,41) 
n 10 (1,27) 
n 11 (1,88) (2,72) (3,61) (4,54) 
n 12 (1,62) (2,60) (3,47) 
n 13 (1,70) (2,53) (3,44) 
n 14 (1,28) 
n 15 (1,49) (2,33) 
n 16 (1,25) 
n 17 (1,86) (2,72) (3,64) (4,55) 
n 18 (1,47) (2,33) 
n 19 (1,67) (2,58) (3,48) 
n 20 (1,90) (2,80) (3,61) (4,51) 
n 21 (1,65) (2,59) (3,47) 
n 22 (1,41) (2,36) 
n 23 (1,24) 
n 24 (1,69) (2,51) (3,47) 
n 25 (1,43) (2,32) 
n 26 (1,48) (2,39) 
n 27 (1,44) (2,35) 
n 28 (1,41) (2,36) 
n 29 (1,45) (2,35) 
n 30 (1,26) 
n 31 (1,29) 
n 32 (1,68) (2,53) (3,41) 
n 33 (1,41) (2,34) 
n 34 (1,26) 
n 35 (1,84) (2,77) (3,68) (4,51) 
n 36 (1,82) (2,78) (3,68) (4,53) 
n 37 (1,87) (2,76) (3,68) (4,59) 
n 38 (1,83) (2,73) (3,65) (4,59) 
n 39 (1,30) 
n 40 (1,42) (2,31) 
n 41 (1,44) (2,35) 
n 42 (1,85) (2,77) (3,64) (4,55) 
n 43 (1,49) (2,38) 
n 44 (1,88) (2,71) (3,70) (4,57) 
n 45 (1,86) (2,74) (3,64) (4,59) 
n 46 (1,26) 
n 47 (1,29) 
n 48 (1,47) (2,37) 
n 49 (1,62) (2,58) (3,50) 
n 50 (1,83) (2,78) (3,65) (4,51) 
n 51 (1,70) (2,54) (3,50) 
n 52 (1,83) (2,80) (3,65) (4,55) 
n 53 (1,83) (2,74) (3,63) (4,53) 
n 54 (1,21) 
n 55 (1,82) (2,74) (3,63) (4,53) 
n 56 (1,23) 
n 57 (1,45) (2,39) 
n 58 (1,81) (2,75) (3,65) (4,55) 
n 59 (1,23) 
n 60 (1,69) (2,53) (3,47) 
n 61 (1,29) 
n 62 (1,26) 
n 63 (1,43) (2,40) 
n 64 (1,61) (2,57) (3,47) 
n 65 (1,82) (2,74) (3,64) (4,55) 
n 66 (1,68) (2,54) (3,47) 
n 67 (1,50) (2,31) 
n s (0,0)
n ss (0,0)