1  8
1  9
2  8
3  6
3  9
4  9
5  6
1  12
1  16
3  12
3  13
3  14
4  12
4  13
4  16
4  17
5  15
5  16
6  15
6  16
6  17
7  11
7  13
7  15
7  16
7  17
9  14
9  15
10  13
10  15
10  17
2  19
3  21
7  19
7  20
8  20
9  19
9  21
10  19
11  19
11  21
12  20
14  21
15  19
16  21
1  22
1  23
1  24
2  22
2  24
3  23
5  22
5  23
6  24
7  22
7  23
9  24
12  22
12  24
15  24
17  23
17  24
19  24
21  22
1  26
3  25
4  25
6  26
9  26
9  27
13  26
15  25
17  25
18  25
18  26
19  27
22  27
24  26
24  27
4  28
5  29
7  28
7  29
8  29
9  29
10  29
11  29
12  28
14  28
16  29
19  28
20  29
23  29
24  29
25  28
26  28
27  28
1  31
6  30
7  30
7  31
8  31
11  30
12  31
13  30
15  31
16  31
17  31
18  30
19  30
19  31
20  30
20  31
21  31
22  30
22  31
25  31
26  31
27  30
29  31
1  33
1  35
2  39
3  32
3  34
3  35
3  37
4  33
4  35
4  37
5  32
5  33
5  35
5  36
5  37
6  32
6  33
6  35
6  39
7  32
7  37
7  38
8  33
8  35
8  36
9  36
9  38
10  33
11  36
11  37
11  39
12  33
12  37
13  32
13  36
13  38
13  39
14  33
14  34
14  35
14  36
15  32
15  35
15  36
15  37
16  35
16  39
17  36
17  37
17  38
17  39
18  33
19  36
19  39
20  32
20  34
20  36
21  33
21  39
22  32
22  33
23  33
23  35
23  38
24  33
24  35
24  36
24  39
25  33
25  35
25  38
26  33
26  38
27  32
28  33
28  36
29  35
29  36
29  37
29  39
30  32
30  38
31  32
31  34
31  35
2  42
4  41
5  42
6  41
7  40
7  42
8  41
9  40
9  41
12  41
13  41
14  42
16  40
17  42
19  42
20  41
21  42
22  40
23  42
24  42
25  41
27  40
27  41
27  42
29  40
30  40
30  42
32  41
33  40
33  41
35  42
36  40
36  42
38  40
2  44
3  43
4  44
4  46
5  45
6  43
6  44
7  43
7  46
8  44
9  46
10  44
10  45
12  43
12  44
12  46
13  45
14  44
14  46
15  46
16  43
17  43
17  44
17  45
17  46
20  45
22  46
23  43
23  44
23  45
24  43
24  45
25  45
25  46
27  46
28  45
30  45
30  46
31  43
31  46
32  44
32  45
33  43
33  44
33  45
35  44
37  46
38  44
39  45
40  44
40  46
42  45
2  47
4  47
7  47
7  48
10  48
11  47
12  48
13  47
13  48
15  47
17  47
18  48
19  47
19  48
22  47
22  48
25  48
27  48
29  47
40  48
41  48
43  48
44  47
44  48
45  47
1  49
1  53
2  51
2  52
2  54
3  52
4  49
4  52
4  53
4  55
5  49
5  54
6  54
6  55
7  49
7  51
7  52
7  55
8  50
8  51
8  53
10  49
10  53
11  50
11  51
11  52
11  53
11  54
12  55
13  53
14  51
15  54
16  53
16  55
20  52
20  53
21  52
21  53
21  54
21  55
22  49
22  54
23  49
23  52
23  53
23  55
24  51
25  51
25  52
26  50
26  51
27  50
27  53
28  49
28  55
29  52
29  53
30  52
31  51
32  53
33  49
33  50
33  52
34  54
35  51
35  52
35  55
36  50
37  52
37  55
38  51
39  49
39  50
39  52
39  53
40  52
40  53
41  52
41  53
41  55
42  53
42  54
43  50
43  52
43  53
43  54
43  55
45  50
45  51
45  52
46  51
46  52
47  52
47  54
48  51
48  54
1  56
1  60
1  61
2  57
2  58
2  61
2  62
2  63
3  57
3  60
3  63
5  56
6  56
6  57
7  56
7  57
7  60
9  56
9  57
10  58
10  62
10  63
11  56
11  57
11  61
13  57
13  58
13  59
13  63
14  62
15  56
15  58
15  63
16  56
16  61
16  62
16  63
17  57
17  58
17  59
17  60
17  61
17  63
18  57
18  58
18  59
18  62
19  58
19  59
19  60
20  56
20  58
20  59
20  60
20  62
20  63
21  56
21  58
21  60
22  62
22  63
23  57
23  59
24  56
24  57
25  56
25  58
25  60
26  63
27  57
27  58
27  59
27  61
28  57
28  58
28  60
28  62
29  56
29  57
29  59
29  60
30  58
30  59
30  60
31  57
31  59
31  60
31  62
32  56
32  58
32  61
33  57
33  60
33  62
34  59
34  60
35  56
35  62
36  57
37  58
37  62
37  63
38  57
39  59
39  61
40  56
40  60
40  62
40  63
41  62
42  56
42  57
43  58
43  61
44  58
45  58
45  60
46  59
46  60
46  62
46  63
48  56
48  57
48  58
48  59
48  63
49  59
50  56
50  57
50  61
51  56
51  57
52  59
52  63
53  59
53  63
54  58
54  61
54  62
55  60
55  62
3  66
5  64
7  66
8  66
9  65
9  66
10  66
13  66
14  64
15  64
15  65
16  64
16  66
17  64
17  65
17  66
18  65
20  64
22  64
22  65
23  65
25  64
25  66
28  64
28  65
29  65
30  64
32  65
33  66
36  64
37  65
37  66
38  65
39  65
40  64
40  66
41  65
41  66
42  66
44  66
45  66
46  66
47  65
47  66
48  66
50  66
51  64
51  65
52  64
53  66
55  64
56  65
57  66
58  64
59  66
62  65
62  66