n 1 (1,12) 
n 2 (1,24) (2,17) 
n 3 (1,26) (2,11) 
n 4 (1,38) (2,26) (3,15) 
n 5 (1,42) (2,34) (3,26) (4,19) 
n 6 (1,17) 
n 7 (1,27) (2,20) 
n 8 (1,25) (2,19) 
n 9 (1,31) (2,23) (3,17) 
n 10 (1,41) (2,37) (3,27) (4,13) 
n 11 (1,50) (2,32) (3,22) (4,19) 
n 12 (1,49) (2,36) (3,27) (4,18) 
n 13 (1,46) (2,39) (3,26) (4,14) 
n 14 (1,29) (2,19) 
n 15 (1,49) (2,32) (3,30) (4,15) 
n 16 (1,46) (2,39) (3,27) (4,19) 
n 17 (1,31) (2,29) (3,18) 
n 18 (1,17) 
n 19 (1,30) (2,19) 
n 20 (1,33) (2,21) (3,13) 
n 21 (1,48) (2,34) (3,30) (4,17) 
n 22 (1,30) (2,11) 
n 23 (1,29) (2,15) 
n 24 (1,26) (2,16) 
n 25 (1,32) (2,25) (3,19) 
n 26 (1,27) (2,15) 
n 27 (1,24) (2,13) 
n 28 (1,12) 
n 29 (1,35) (2,25) (3,18) 
n 30 (1,24) (2,16) 
n 31 (1,24) (2,18) 
n 32 (1,48) (2,36) (3,25) (4,20) 
n 33 (1,50) (2,39) (3,26) (4,16) 
n 34 (1,13) 
n 35 (1,13) 
n 36 (1,41) (2,39) (3,24) (4,13) 
n 37 (1,16) 
n 38 (1,49) (2,38) (3,23) (4,19) 
n 39 (1,14) 
n 40 (1,35) (2,28) (3,16) 
n 41 (1,11) 
n 42 (1,47) (2,34) (3,25) (4,19) 
n 43 (1,44) (2,37) (3,24) (4,14) 
n 44 (1,21) (2,17) 
n 45 (1,27) (2,19) 
n 46 (1,41) (2,39) (3,28) (4,19) 
n 47 (1,38) (2,29) (3,15) 
n 48 (1,36) (2,25) (3,20) 
n 49 (1,45) (2,34) (3,24) (4,15) 
n 50 (1,50) (2,31) (3,22) (4,11) 
n 51 (1,45) (2,37) (3,22) (4,13) 
n 52 (1,29) (2,17) 
n 53 (1,32) (2,26) (3,19) 
n 54 (1,36) (2,24) (3,16) 
n 55 (1,46) (2,38) (3,22) (4,11) 
n 56 (1,27) (2,11) 
n 57 (1,36) (2,23) (3,19) 
n 58 (1,42) (2,36) (3,27) (4,16) 
n 59 (1,47) (2,31) (3,23) (4,19) 
n 60 (1,47) (2,40) (3,24) (4,18) 
n 61 (1,24) (2,17) 
n 62 (1,46) (2,32) (3,26) (4,17) 
n 63 (1,41) (2,36) (3,28) (4,16) 
n 64 (1,25) (2,18) 
n 65 (1,40) (2,30) (3,15) 
n 66 (1,34) (2,23) (3,15) 
n 67 (1,46) (2,38) (3,21) (4,14) 
n 68 (1,31) (2,27) (3,16) 
n 69 (1,24) (2,11) 
n 70 (1,27) (2,19) 
n 71 (1,34) (2,25) (3,17) 
n 72 (1,41) (2,32) (3,24) (4,19) 
n 73 (1,13) 
n 74 (1,39) (2,27) (3,20) 
n 75 (1,47) (2,32) (3,29) (4,18) 
n 76 (1,33) (2,26) (3,11) 
n 77 (1,18) 
n 78 (1,26) (2,13) 
n s (0,0)
n ss (0,0)
