2  5
4  6
2  7
2  8
3  7
4  7
4  8
1  9
1  10
1  12
2  11
2  12
3  13
4  9
4  12
5  9
5  12
5  13
6  9
6  10
7  10
8  11
8  12
1  16
2  14
2  15
2  16
3  14
3  17
4  15
4  16
4  17
5  14
5  15
5  16
6  15
6  18
7  15
8  16
8  18
9  15
9  16
9  18
10  14
10  17
11  14
11  16
12  15
12  16
12  18
13  16
13  18
1  19
1  21
2  19
2  20
3  21
4  19
4  22
5  21
6  19
6  21
7  20
7  22
8  19
8  20
8  21
10  19
11  21
12  19
12  21
12  22
13  19
13  21
13  22
14  20
14  21
15  19
15  20
15  21
15  22
16  21
16  22
18  21
1  23
1  24
1  25
2  23
4  24
4  26
5  23
5  26
6  24
6  25
6  26
7  24
7  25
10  26
11  26
12  24
13  24
14  23
14  24
15  24
15  26
16  25
16  26
18  24
18  25
19  24
21  23
1  28
2  28
3  27
4  27
6  27
7  29
9  28
10  29
11  27
12  27
12  29
13  27
17  27
17  29
18  29
20  28
25  27
25  29
26  27
1  30
1  31
3  30
4  30
4  31
5  30
7  30
7  31
8  31
10  30
13  31
14  30
15  31
17  31
18  30
19  30
20  30
22  30
22  31
23  31
24  30
27  31
28  30
1  33
2  33
2  34
4  34
6  34
7  33
8  32
9  33
10  32
10  34
11  32
14  32
14  33
15  32
16  32
16  33
17  32
18  32
18  33
19  32
19  33
20  32
20  33
22  32
22  34
23  33
24  32
25  34
27  34
28  32
28  33
28  34
29  34
30  34
31  34
1  35
2  35
2  36
3  35
5  35
5  36
6  35
7  35
7  36
8  35
8  36
9  36
10  35
11  35
11  36
12  36
14  35
15  36
17  35
18  35
19  35
23  35
23  36
27  35
27  36
29  35
30  36
31  36
32  35
32  36
33  35
34  35
1  39
2  41
3  37
4  39
5  38
5  40
6  40
7  38
7  39
8  37
8  38
9  40
9  41
10  39
11  37
11  39
11  40
12  39
12  41
13  39
13  40
13  41
14  37
14  40
14  41
16  39
16  41
17  38
17  39
17  41
18  37
18  39
18  40
19  40
20  38
21  37
21  39
22  38
23  39
24  37
25  40
26  38
27  39
28  37
28  38
28  39
29  38
29  40
30  37
30  40
30  41
31  37
31  38
31  40
31  41
32  37
32  41
33  38
33  39
33  40
34  40
35  37
36  37
1  43
1  44
2  43
2  46
3  43
5  42
5  43
5  45
5  46
6  42
6  44
6  45
7  43
7  44
7  46
8  42
8  44
9  42
9  46
10  42
10  43
10  44
11  45
12  42
12  43
14  43
14  44
14  45
14  46
15  42
16  45
16  46
17  46
18  42
18  44
18  45
19  45
19  46
20  43
21  42
21  45
21  46
22  43
22  46
23  42
23  44
23  45
23  46
24  43
24  45
25  45
27  43
27  45
27  46
28  46
29  42
29  44
30  43
30  46
31  42
32  42
32  43
33  46
34  42
34  45
34  46
35  42
36  42
36  45
37  43
37  44
38  44
38  45
40  42
41  42
41  45
2  47
3  47
3  48
5  47
7  47
9  48
10  47
11  47
13  47
13  48
15  47
18  48
26  48
27  48
28  47
30  48
32  47
34  47
35  47
35  48
41  47
41  48
43  47
44  48
45  48
1  49
1  51
2  49
2  50
3  51
3  53
4  50
5  52
6  50
7  49
7  50
7  51
8  50
8  51
8  52
8  53
9  49
9  50
10  50
11  51
11  52
12  49
12  51
14  49
14  53
15  49
15  50
16  51
16  52
17  53
18  50
19  49
19  50
19  53
20  49
20  50
21  52
22  49
22  51
22  52
23  51
23  52
23  53
25  49
25  50
25  51
25  53
26  49
26  52
27  50
29  51
29  52
30  50
30  52
31  49
31  50
31  51
32  49
32  50
32  51
33  51
33  53
35  49
35  51
35  53
36  49
36  50
36  51
36  52
36  53
37  49
37  51
38  49
38  52
39  50
39  51
39  52
39  53
40  49
40  50
40  52
41  49
41  51
42  50
42  53
43  51
44  49
44  51
45  53
46  50
46  52
47  52
48  49
48  50
48  51
48  53
