n 1 (1,169) (2,100) (3,49) (4,16) 
n 2 (1,225) (2,100) (3,49) (4,36) 
n 3 (1,225) (2,100) (3,81) (4,25) 
n 4 (1,144) (2,64) (3,36) 
n 5 (1,64) (2,16) 
n 6 (1,64) (2,36) 
n 7 (1,100) (2,81) (3,25) 
n 8 (1,121) (2,64) (3,16) 
n 9 (1,225) (2,121) (3,81) (4,36) 
n 10 (1,81) (2,25) 
n 11 (1,49) (2,36) 
n 12 (1,225) (2,144) (3,81) (4,25) 
n 13 (1,100) (2,81) (3,25) 
n 14 (1,49) (2,25) 
n 15 (1,144) (2,49) (3,25) 
n 16 (1,49) (2,36) 
n 17 (1,169) (2,121) (3,64) (4,36) 
n 18 (1,121) (2,49) (3,36) 
n 19 (1,81) (2,16) 
n 20 (1,16) 
n 21 (1,49) (2,16) 
n 22 (1,36) 
n 23 (1,169) (2,121) (3,81) (4,25) 
n 24 (1,225) (2,121) (3,81) (4,16) 
n 25 (1,16) 
n 26 (1,64) (2,16) 
n 27 (1,196) (2,121) (3,81) (4,16) 
n 28 (1,196) (2,100) (3,49) (4,36) 
n 29 (1,100) (2,64) (3,25) 
n 30 (1,196) (2,144) (3,81) (4,36) 
n 31 (1,196) (2,144) (3,81) (4,16) 
n 32 (1,100) (2,81) (3,16) 
n 33 (1,144) (2,64) (3,25) 
n 34 (1,169) (2,100) (3,64) (4,25) 
n 35 (1,225) (2,144) (3,64) (4,16) 
n 36 (1,144) (2,81) (3,16) 
n 37 (1,64) (2,16) 
n 38 (1,121) (2,64) (3,16) 
n 39 (1,81) (2,16) 
n 40 (1,49) (2,25) 
n 41 (1,49) (2,16) 
n 42 (1,144) (2,81) (3,16) 
n 43 (1,36) 
n 44 (1,49) (2,25) 
n 45 (1,144) (2,49) (3,36) 
n 46 (1,144) (2,81) (3,16) 
n 47 (1,81) (2,25) 
n 48 (1,36) 
n 49 (1,25) 
n 50 (1,49) (2,36) 
n 51 (1,16) 
n 52 (1,64) (2,16) 
n 53 (1,144) (2,81) (3,36) 
n 54 (1,144) (2,49) (3,25) 
n 55 (1,64) (2,16) 
n 56 (1,144) (2,64) (3,16) 
n 57 (1,25) 
n 58 (1,64) (2,25) 
n 59 (1,225) (2,100) (3,81) (4,36) 
n 60 (1,169) (2,121) (3,64) (4,16) 
n 61 (1,169) (2,100) (3,49) (4,16) 
n 62 (1,121) (2,81) (3,25) 
n 63 (1,81) (2,25) 
n 64 (1,64) (2,16) 
n 65 (1,49) (2,25) 
n 66 (1,25) 
n 67 (1,64) (2,25) 
n s (0,0)
n ss (0,0)
