1  6
2  5
2  7
2  9
2  11
3  10
4  8
4  9
4  10
5  11
6  9
6  11
7  8
7  9
1  15
1  16
2  16
3  12
3  13
3  15
5  13
6  13
6  14
6  15
6  16
7  12
7  13
7  16
8  12
8  16
10  12
10  13
10  14
10  16
3  17
3  20
6  17
6  20
7  17
7  18
7  19
8  18
8  19
9  19
10  19
10  20
11  18
11  20
12  18
13  17
13  20
15  17
16  17
1  24
2  22
2  25
3  22
3  25
5  22
5  25
6  22
7  21
7  24
8  21
8  22
8  24
9  21
10  23
10  24
11  22
11  25
12  23
12  24
13  21
13  22
13  23
14  23
14  24
15  23
16  24
16  25
18  23
18  24
18  25
19  25
2  27
4  27
5  26
5  27
6  26
6  27
9  26
14  27
15  26
15  27
17  26
18  26
20  27
22  26
23  26
23  27
25  26
1  29
3  28
3  30
4  28
4  29
6  29
7  28
7  29
8  28
10  30
12  29
13  29
15  28
16  28
17  29
17  30
18  28
20  29
20  30
23  29
24  28
24  29
25  28
27  28
27  30
3  31
4  31
5  31
8  32
14  31
17  31
19  32
21  31
22  31
23  31
27  31
27  32
28  31
29  32
30  31
30  32
1  33
3  34
3  35
5  34
7  34
7  35
8  36
11  34
13  33
14  33
14  34
15  36
16  36
17  34
17  36
19  36
20  35
21  34
22  34
22  36
23  35
24  33
24  35
26  33
27  36
28  33
29  33
29  34
32  33
32  34
1  37
2  38
4  38
7  39
8  38
10  38
11  38
12  37
13  39
14  39
15  38
16  37
16  38
16  39
18  37
19  39
20  38
21  37
22  39
23  39
24  37
25  37
25  39
26  39
27  38
29  38
31  37
31  38
33  39
34  38
35  37
35  39
36  37
36  38
36  39
1  40
2  40
2  44
3  43
3  44
4  44
5  43
6  40
8  42
9  40
10  42
11  42
11  43
12  42
12  43
13  40
13  41
15  41
16  41
16  42
17  43
18  42
19  41
20  40
21  40
21  41
21  44
22  43
23  44
24  41
25  43
26  41
26  42
27  41
27  44
28  40
28  44
29  42
30  41
31  44
32  40
33  41
33  42
33  44
35  41
37  41
37  43
38  41
39  41
39  44
1  45
1  47
3  48
5  46
5  48
6  46
7  46
7  48
8  45
8  48
10  48
11  45
11  46
12  46
13  46
13  47
13  48
14  48
15  45
18  45
18  46
18  48
20  45
23  46
24  46
24  47
25  45
26  48
27  45
27  46
28  45
29  47
32  47
32  48
34  45
34  47
36  47
37  48
38  45
38  48
39  47
40  45
40  46
40  48
41  46
42  45
42  48
43  45
2  49
3  49
6  50
9  50
10  50
12  49
13  49
14  49
14  50
15  50
16  49
17  49
17  50
19  49
19  50
25  50
28  50
33  49
33  50
34  49
35  49
37  49
40  50
41  50
44  49
45  49
45  50
46  50
47  50
48  49
48  50
5  52
8  51
8  52
11  52
15  51
18  52
20  51
21  51
21  52
23  52
25  52
26  52
28  52
31  52
32  51
34  51
35  51
36  51
37  52
42  52
43  52
44  51
46  51
48  52
50  51
50  52
